3.000000
3.000000
3.002189
3.042252
3.007458
3.000000
3.000000
3.000000
3.000001
3.000001
3.000000
3.000000
3.000000
3.000001
3.000001
3.000000
3.000000
3.000000
3.000001
2.901320
3.000000
3.000000
3.000000
3.000000
3.000000
3.000000
3.000000
3.000000
3.000000
3.000000
3.000000
3.000000
3.000000
3.000000
3.000000
3.000000
3.000000
3.000000
3.000000
2.978617
3.000000
3.000000
3.002702
3.012895
3.000000
3.000000
3.000000
3.000000
3.000000
3.000000
3.000000
3.000000
3.000000
3.000000
3.000000
3.000000
3.000000
3.000000
3.000000
3.000000
3.000000
3.000000
3.004947
3.028521
3.001365
3.000000
3.000000
3.000000
3.000000
3.000000
3.000000
3.000000
3.000000
3.000000
3.000000
3.000000
2.999393
2.985631
2.902596
2.760460
3.000000
3.000000
3.000000
3.086830
3.030830
3.000000
3.000000
3.000000
3.000001
3.000001
3.000000
3.000000
2.993511
2.927340
2.786554
2.518011
2.206473
1.897081
1.531976
1.289003
3.000000
3.000000
3.000000
3.031559
3.034701
3.000000
3.000000
2.999988
2.978598
2.910017
2.770496
2.544681
2.148680
1.646549
1.333505
1.136618
1.031591
1.002524
1.000000
1.000000
3.000000
3.000000
2.999326
2.991468
2.995542
2.913028
2.704555
2.398288
1.859254
1.370136
1.156127
1.054026
1.007992
0.999285
1.000000
1.000000
1.000000
1.000000
1.000000
1.000000
2.984453
2.919100
2.636475
2.180212
1.868305
1.187839
0.404698
0.032888
-0.037158
0.070021
0.103691
0.212583
0.358597
0.640115
0.930203
0.999166
0.994886
0.997561
1.000000
1.000000
1.805874
1.583176
1.233667
0.732291
0.183638
-0.534922
-0.930303
-0.980911
-0.848526
-0.383057
-0.158282
-0.037721
-0.164880
-0.046699
0.260384
0.695473
0.768956
0.973877
1.000000
1.000000
-0.544536
0.180921
0.369237
-0.183942
-0.700695
-0.979404
-1.000000
-1.000000
-0.999342
-0.967847
-0.857796
-0.686210
-0.886327
-0.583263
-0.641019
-0.527899
0.331682
0.976197
1.000000
1.000000
-0.998920
-0.945183
-0.824265
-0.931891
-0.997312
-1.000000
-1.000000
-0.967955
-0.811627
-0.974791
-1.000000
-1.000000
-0.999424
-0.965017
-0.745065
-0.677985
-0.626457
0.662291
1.000000
1.000000
-1.000000
-0.908892
-0.912638
-1.000000
-1.000000
-1.000000
-1.000000
-0.898111
-0.809723
-0.996195
-1.000000
-1.000000
-1.000000
-0.708936
-0.074812
-0.026239
-0.312455
0.433352
1.000000
1.000000
-1.000000
-0.994011
-0.994972
-1.000000
-1.000000
-1.000000
-1.000000
-1.000000
-1.000000
-1.000000
-1.000000
-1.000000
-1.000000
-0.584378
-0.002252
0.124004
0.356122
0.752270
1.000000
1.000000
-1.000000
-1.000000
-1.000000
-1.000000
-1.000000
-1.000000
-1.000000
-1.000000
-1.000000
-1.000000
-1.000000
-1.000000
-1.000000
-0.564795
0.414429
0.785885
0.927127
0.992999
1.000000
1.000000
-1.000000
-1.000000
-1.000000
-1.000000
-1.000000
-1.000000
-1.000000
-1.000000
-1.000000
-1.000000
-1.000000
-1.000000
-0.994788
-0.554147
0.788219
0.999913
0.995911
0.999826
1.000000
1.000000
-1.000000
-1.000000
-1.000000
-1.000000
-1.000000
-1.000000
-1.000000
-1.000000
-1.000000
-1.000000
-1.000000
-0.992552
-0.720366
0.422127
0.951218
1.000000
1.000000
1.000000
1.000000
1.000000
-1.000000
-1.000000
-1.000000
-1.000000
-1.000000
-1.000000
-1.000000
-1.000000
-1.000000
-1.000000
-0.992065
-0.682514
0.231667
0.936321
1.000000
1.000000
1.000000
1.000000
1.000000
1.000000
-1.000000
-1.000000
-1.000000
-1.000000
-1.000000
-1.000000
-1.000000
-1.000000
-0.999952
-0.981023
-0.719828
0.303964
0.931488
0.999891
1.000000
1.000000
1.000000
1.000000
1.000000
1.000000
-1.000000
-1.000000
-1.000000
-1.000000
-1.000000
-1.000000
-0.998417
-0.925143
-0.290799
0.171449
0.650289
0.966746
0.999994
1.000000
1.000000
1.000000
1.000000
1.000000
1.000000
1.000000
-1.000000
-1.000000
-1.000000
-1.000000
-1.000000
-1.000000
-0.999736
-0.795573
0.562234
0.999845
1.000000
1.000000
1.000000
1.000000
1.000000
1.000000
1.000000
1.000000
1.000000
1.000000
