-3.000000
-3.000000
-3.000000
-3.000001
-3.000001
-3.000000
-3.000000
-2.996796
-2.447344
-2.000028
-2.000000
-2.000000
-2.000000
-2.000000
-1.999009
-1.824564
-1.411741
-0.586585
0.449593
1.068298
-3.000000
-3.000000
-3.000000
-3.000000
-3.000000
-3.000000
-3.000000
-2.903684
-2.222695
-1.998455
-1.996065
-2.000000
-2.000000
-2.000000
-2.000000
-2.000000
-2.000000
-1.995786
-1.937965
-1.851725
-3.000000
-3.000000
-3.000000
-3.000000
-3.000000
-3.000000
-2.999029
-2.761693
-2.064334
-1.791751
-1.844096
-2.000000
-2.000000
-2.000000
-2.000000
-2.000000
-2.000000
-2.000000
-2.000000
-2.000000
-3.000000
-3.000000
-3.000000
-3.000000
-3.000000
-3.000000
-2.999363
-2.866475
-2.255202
-1.663614
-1.933937
-2.000000
-2.000000
-2.000000
-2.000000
-2.000000
-2.000000
-2.000000
-2.000000
-2.000000
-3.000000
-3.000000
-3.000000
-3.000001
-3.000001
-3.000000
-3.000000
-2.992994
-2.489879
-1.823075
-1.975598
-2.000051
-2.021451
-2.035834
-2.004601
-2.005153
-2.025054
-2.066119
-2.185432
-2.253403
-3.000000
-3.000000
-3.000000
-2.999999
-3.000000
-3.000000
-3.000000
-2.998486
-2.637382
-2.009479
-1.997957
-2.033487
-2.527272
-2.697945
-2.521529
-2.502575
-2.689811
-2.763496
-2.919899
-2.957438
-3.000000
-3.000000
-3.000000
-3.000000
-3.000000
-3.000000
-3.000000
-3.000000
-2.889514
-2.191291
-2.002427
-2.091798
-2.835299
-2.999906
-2.998558
-2.998635
-2.999971
-3.000000
-3.000000
-3.000000
-3.000000
-3.000000
-3.000000
-3.000000
-3.000000
-3.000000
-3.000000
-3.000000
-2.992554
-2.788422
-2.389296
-2.375064
-2.918947
-3.000000
-3.000000
-3.000000
-3.000000
-3.000000
-3.000000
-3.000000
-3.000000
-2.999992
-2.997148
-2.999407
-3.003685
-3.012223
-3.000000
-3.000000
-3.000000
-2.999854
-2.976471
-2.963216
-2.999745
-3.000000
-3.000000
-3.000000
-3.000000
-3.000000
-3.000000
-3.000000
-3.000000
-2.993665
-2.911290
-3.006842
-3.259143
-3.215959
-3.000000
-3.000000
-3.000001
-3.000001
-3.000000
-3.000000
-3.000000
-3.000001
-3.000001
-3.000000
-3.000000
-3.000000
-3.000001
-3.000000
-3.000000
-2.999196
-3.005030
-3.323307
-3.525298
-3.064988
-3.000000
-3.000000
-3.029855
-3.071445
-3.185518
-3.077571
-3.000000
-2.999999
-3.000000
-3.000000
-3.000000
-3.000000
-2.999999
-3.000000
-3.001623
-3.011181
-3.329198
-3.801090
-3.349633
-3.023834
-3.033464
-3.108860
-3.484478
-3.791787
-3.896071
-3.535349
-3.031077
-3.000000
-3.000000
-3.000000
-3.000000
-3.000000
-3.000000
-3.000000
-3.485663
-3.499880
-3.887761
-3.821253
-3.214948
-3.037063
-3.482344
-3.791995
-3.990072
-4.165098
-4.251711
-3.938944
-3.296640
-3.001141
-3.000000
-3.000000
-3.000000
-3.000000
-3.000000
-3.000000
-3.995978
-3.997354
-3.959942
-3.549565
-3.381510
-3.714608
-4.342748
-4.505971
-4.694207
-4.878820
-4.701991
-4.035185
-3.742443
-3.087890
-3.000000
-3.000000
-3.000000
-3.000000
-3.000000
-3.000000
-4.118944
-4.378379
-4.748259
-5.126758
-4.856805
-4.929562
-5.004133
-4.997330
-5.000000
-5.000000
-4.704312
-4.028196
-3.980417
-3.507776
-3.021225
-3.000000
-3.000000
-3.000000
-3.000001
-3.000000
-4.755572
-4.981547
-5.054417
-5.348016
-5.031500
-5.000000
-5.000000
-4.979760
-4.898647
-4.856076
-4.636053
-4.037627
-4.000000
-3.893044
-3.169089
-3.000000
-3.000000
-3.000000
-2.999999
-3.000000
-4.998715
-5.000000
-5.000089
-5.002642
-5.000370
-5.000000
-4.966658
-4.546785
-4.158273
-4.117808
-4.261295
-4.113407
-4.000000
-3.973494
-3.322978
-3.000090
-3.000000
-3.000000
-3.000000
-3.000000
-5.000000
-5.000000
-5.000000
-5.000000
-5.000000
-4.959431
-4.529308
-4.051355
-4.019137
-4.314449
-4.387861
-4.031321
-4.000000
-3.998982
-3.625925
-3.027918
-3.000000
-3.000000
-3.000000
-3.000000
-5.000000
-5.000000
-5.000000
-5.000000
-4.957307
-4.496664
-4.043031
-4.027109
-4.399477
-4.521269
-4.056653
-4.000000
-4.000000
-4.000000
-3.917024
-3.210822
-3.000000
-3.000000
-3.000000
-3.000000
-5.000000
-4.999999
-5.000000
-4.984579
-4.557871
-4.046331
-4.011192
-4.392348
-4.681711
-4.113840
-4.000016
-4.000000
-4.000000
-4.000000
-3.956680
-3.250334
-3.000000
-3.000000
-2.999999
-3.000000
