-1.758953
-1.748723
-1.789266
-1.993841
-1.984426
-2.229959
-2.001494
-1.736478
-1.421911
-1.370867
-1.291554
-0.739958
-0.532235
-0.371676
-0.493650
-0.349085
-0.351242
-0.262302
-0.157891
-0.140047
-5.893582
-5.898293
-5.901344
-5.940166
-5.960573
-5.960312
-5.612430
-4.947902
-4.293515
-3.989424
-3.652460
-3.328163
-3.402269
-3.086831
-2.851876
-2.221844
-2.128772
-1.604346
-1.285094
-1.095001
-6.000000
-6.000000
-6.000000
-6.000000
-6.000000
-5.999141
-5.752843
-4.725432
-4.440636
-4.602838
-4.303309
-4.673295
-4.444008
-4.316479
-4.797692
-4.415574
-3.974241
-3.820827
-3.696132
-3.611800
-6.015353
-6.000001
-6.000000
-6.000000
-6.001272
-5.824298
-5.276036
-4.876499
-4.955836
-4.986921
-4.922560
-4.559627
-4.322578
-4.852297
-4.771675
-4.171418
-4.000643
-4.000000
-4.000525
-4.036126
-6.452752
-6.029775
-6.000001
-6.000168
-6.031501
-5.779665
-5.073109
-5.000000
-5.000000
-4.963162
-4.525611
-4.285448
-4.835858
-4.771446
-4.174769
-4.001609
-4.000000
-4.000000
-4.000000
-4.000000
-6.535396
-6.037122
-6.001768
-6.119687
-6.073905
-5.965858
-5.405251
-5.008771
-4.986182
-4.552535
-4.278200
-4.826248
-4.771142
-4.175311
-4.001610
-4.000000
-4.000000
-4.000000
-4.000000
-4.000000
-6.041697
-6.001902
-6.180587
-6.709237
-6.219335
-6.000618
-5.864121
-5.196144
-4.987916
-4.653951
-4.814310
-4.770641
-4.175002
-4.001650
-4.000000
-4.000000
-4.000000
-4.000000
-4.000000
-4.000000
-6.002022
-6.180589
-6.778705
-7.082171
-6.942171
-6.316220
-6.009392
-5.697432
-5.077102
-4.996840
-4.851233
-4.187445
-4.001585
-3.999464
-3.999722
-4.000000
-4.000000
-4.000000
-4.000000
-4.000000
-6.184548
-6.773329
-6.996405
-7.046400
-7.881095
-8.355389
-6.893909
-6.039055
-5.491068
-5.019455
-4.891342
-4.185541
-3.892893
-3.854962
-3.954431
-3.974044
-3.944269
-3.997861
-4.000000
-4.000000
-6.814571
-6.994651
-6.999999
-6.998120
-8.070860
-9.825864
-9.386024
-7.587024
-6.092030
-5.261167
-4.992791
-4.419780
-3.978606
-3.978065
-3.994527
-3.984554
-3.961735
-3.998219
-4.000000
-4.000000
-6.999902
-7.000000
-6.999999
-6.971331
-7.338838
-9.659431
-10.321671
-10.196470
-8.426147
-5.997337
-5.024937
-4.690588
-4.039204
-4.000000
-4.000000
-4.000000
-4.000000
-4.000000
-4.000000
-4.000000
-7.000002
-7.000001
-7.000001
-6.975707
-6.966682
-9.109116
-10.608607
-10.989622
-10.881686
-9.464383
-6.050970
-4.801570
-4.084121
-4.000000
-4.000000
-4.000000
-4.000000
-4.000000
-4.000000
-4.000000
-7.000000
-7.000001
-7.000000
-6.999690
-6.899356
-7.990301
-10.250286
-11.042467
-11.729115
-11.919914
-10.241642
-5.918447
-4.033773
-4.018684
-4.009198
-4.000000
-4.000000
-4.000000
-4.000000
-4.000000
-7.000000
-7.000001
-7.000000
-7.000000
-6.720943
-7.170807
-9.459378
-10.840507
-11.657739
-12.001498
-11.976410
-10.673348
-8.388145
-8.562375
-7.799974
-5.375987
-4.835023
-4.043252
-4.000000
-4.000000
-6.999999
-7.000000
-6.999999
-7.000000
-6.960414
-7.112089
-8.735802
-10.347773
-11.325326
-11.965099
-12.004281
-12.503211
-12.989856
-12.987471
-12.875388
-11.940867
-10.630931
-7.566579
-6.375449
-5.786491
-6.999999
-7.000000
-6.999999
-7.000000
-7.000000
-7.305216
-8.129109
-9.342477
-10.784635
-11.659019
-11.994613
-12.300282
-12.947612
-13.000003
-13.000001
-13.000001
-12.992069
-12.910990
-12.913419
-12.723774
-7.000002
-7.000001
-7.000001
-7.000001
-7.000002
-7.348403
-7.771969
-8.122341
-9.876000
-11.064430
-11.822274
-12.043705
-12.642465
-12.995452
-13.000001
-13.000001
-13.000000
-13.000001
-13.000034
-13.003071
-7.000000
-7.000001
-7.000000
-7.000000
-7.000000
-7.059692
-7.546583
-8.211995
-9.077434
-10.371226
-11.303181
-11.933167
-12.175922
-12.847371
-12.999952
-13.000001
-13.000001
-13.000001
-13.000003
-12.999999
-7.000000
-7.000001
-7.000000
-7.000000
-7.033247
-7.458491
-8.232292
-8.772375
-8.397186
-9.208659
-10.741667
-11.562356
-11.997888
-12.377601
-12.955863
-13.000001
-13.000002
-13.000002
-13.000003
-13.000001
-6.999999
-7.000000
-6.999999
-7.010225
-7.401341
-8.207303
-8.837167
-8.436734
-8.019578
-8.271331
-9.914919
-11.114231
-11.884858
-12.053252
-12.688067
-12.999440
-13.000000
-12.999999
-13.000001
-12.999999
