3.963679
3.511632
3.034957
3.312134
3.914813
3.856562
3.225373
3.000521
3.000001
2.999070
2.943239
2.982179
3.000000
3.000001
3.000001
3.000000
3.000000
3.000000
3.000001
3.000000
3.477641
3.066523
3.273564
3.859247
3.869374
3.294478
3.008745
3.000000
3.000000
2.995883
2.810887
2.922007
3.000000
3.000000
3.000000
3.000000
3.000000
3.000000
3.000000
3.000000
3.027062
3.272398
3.777098
3.693665
3.115249
2.867134
2.928016
2.952583
2.975992
2.990916
3.006293
3.000357
3.000000
3.000000
3.000000
3.000000
3.000000
3.000000
3.000000
3.000000
3.312021
3.844703
3.515725
2.966263
2.277711
2.183933
2.236720
2.258337
2.321031
2.408323
2.598268
2.693014
2.726389
2.770032
2.803279
2.871462
2.970227
2.928172
2.909279
2.845097
3.873590
3.483798
3.303079
2.981030
2.691790
2.291519
2.451990
2.379210
2.510918
2.543867
2.772680
2.810499
2.080245
0.179820
-0.881948
-0.657949
1.053341
2.179384
2.206261
2.026733
3.988981
3.454537
2.570965
2.311643
2.029302
1.540269
1.701789
2.037700
2.400759
2.409570
2.555017
2.140181
-1.086450
-2.981125
-3.686404
-3.918078
-3.080134
0.843523
1.891493
1.951470
4.000593
3.646969
3.215845
2.964063
2.966087
2.943100
2.945558
3.001321
2.940650
2.826514
2.501076
-0.210040
-2.918559
-3.365501
-3.301159
-3.609060
-3.958198
-0.734089
2.505043
2.750152
3.998253
3.893206
3.652626
3.097289
3.014587
3.470819
3.319295
3.288372
3.094911
2.649404
0.729634
-2.482080
-3.001020
-3.037819
-3.050099
-3.597051
-3.995570
-3.029094
2.404225
4.006096
4.223566
3.988527
3.473096
3.007591
3.097213
3.563611
3.292846
3.064914
3.433588
1.909098
-1.582089
-2.967816
-3.000000
-3.000135
-3.081642
-3.688142
-3.932859
-3.618087
1.913802
4.015415
4.083924
3.928172
3.201677
3.052291
3.305910
3.115273
3.153332
3.045538
2.763491
-0.548374
-2.902478
-3.000000
-3.000000
-3.000001
-3.002478
-3.047204
-2.478091
-1.954498
3.137056
4.000000
4.000000
3.899796
3.185281
3.244661
3.793734
3.161750
3.495653
3.171333
1.068192
-2.766021
-3.000000
-3.000000
-3.000000
-2.999999
-3.000000
-2.909858
-0.611304
2.850203
4.106796
4.002002
4.000000
3.963423
3.712418
3.754047
3.789283
3.203839
2.524297
0.869919
-0.936470
-2.989054
-3.000000
-3.000000
-3.000000
-3.000000
-3.000000
-2.997832
-2.522713
0.186319
3.676866
4.003397
4.000000
4.000000
3.984715
3.838809
3.430521
3.347000
-0.243978
-2.779006
-2.931507
-2.999751
-3.000000
-3.000000
-3.000000
-3.000000
-3.000000
-3.000000
-2.992722
-2.824115
0.727724
3.887695
3.650767
3.705740
3.655792
3.371995
3.113004
1.826989
-2.094958
-2.844366
-2.986578
-3.000000
-3.000000
-3.000000
-3.000000
-3.000000
-3.000000
-3.000000
-3.000000
-3.000000
-1.944694
2.548039
3.013229
3.028496
3.018201
3.002271
2.995146
0.589795
-2.310477
-2.242980
-2.892195
-3.000001
-3.000000
-3.000000
-3.000000
-3.000001
-3.000001
-3.000000
-3.000000
-3.000000
-2.590490
1.005461
2.983557
2.999061
2.999925
2.999771
2.994355
0.454937
-2.002300
-2.396248
-2.948490
-3.000000
-3.000000
-3.000000
-3.000000
-2.999999
-3.000000
-3.000000
-3.000000
-3.000000
-2.611399
0.829058
2.349975
2.481688
2.517903
2.486546
2.492266
0.252547
-1.997858
-2.452990
-2.984475
-3.000000
-3.000000
-3.000000
-3.000000
-3.000000
-3.000000
-2.999788
-2.877934
-2.745581
-2.407984
1.060514
2.000000
2.000000
2.000358
2.000050
1.995714
0.270966
-1.957684
-2.115705
-2.808908
-2.999945
-3.000000
-3.000000
-3.000000
-3.000000
-3.000000
-2.966933
-2.375620
-2.050153
-1.723537
0.794190
2.003896
2.006712
2.004030
2.006204
2.000314
1.093402
-1.713347
-2.004472
-2.374670
-2.960594
-3.000000
-3.000000
-3.000000
-3.000000
-3.000000
-2.806158
-2.090816
-1.996912
-1.555028
-0.970712
2.363967
2.416947
2.156365
2.070759
2.002946
1.690205
-1.172090
-1.999616
-2.066396
-2.758959
-3.000000
-3.000000
-3.000000
-2.999999
-3.000000
-2.817181
-2.091749
-1.928899
-1.251944
-1.000000
