-17.955597
-17.973051
-17.333427
-17.001152
-16.999992
-16.984718
-16.989964
-17.001211
-17.471987
-18.499472
-18.703810
-18.244598
-18.214380
-17.869198
-16.026808
-13.274143
-13.000000
-12.999999
-13.000001
-12.999999
-17.298910
-17.488218
-17.158983
-17.000753
-16.933817
-16.712837
-16.954742
-17.000002
-17.024311
-17.226946
-17.457447
-17.267225
-16.099955
-14.747631
-13.424060
-13.009020
-13.000639
-13.000394
-13.000002
-13.030180
-17.000000
-17.001720
-17.000216
-16.913366
-16.515368
-16.789886
-16.998360
-17.000000
-17.000008
-16.999994
-16.999998
-16.993723
-16.140938
-13.577429
-13.003521
-13.018700
-13.285052
-12.824821
-11.643684
-8.810722
-16.974239
-16.998854
-16.895401
-16.437811
-16.687389
-16.991470
-17.000008
-17.000011
-17.000013
-17.000006
-17.000002
-17.000008
-16.607727
-13.665069
-12.985845
-13.113027
-12.003726
-6.666394
-2.791691
0.320566
-14.804613
-16.610662
-16.412920
-16.624563
-16.984215
-16.999992
-16.999994
-17.000000
-16.999996
-16.999990
-16.999992
-16.997267
-16.320475
-13.163465
-11.487370
-6.936630
-2.501142
-0.209334
0.702905
0.930136
-3.873047
-10.768690
-16.333664
-16.976177
-16.999992
-16.999996
-16.999998
-17.000000
-17.000002
-16.999992
-16.999996
-16.743954
-12.576361
-11.039577
-9.521977
-1.546179
-0.871853
0.244789
0.885626
0.371480
-0.179443
-2.686808
-14.698876
-16.976254
-16.999996
-17.000000
-17.000006
-17.000002
-17.000008
-16.999996
-17.001963
-15.263756
-2.208187
-2.323646
-5.642157
-0.380720
-0.227171
0.487275
0.365940
0.261158
-0.367902
-1.792269
-12.036504
-16.885565
-16.999994
-16.999998
-17.000002
-17.000000
-17.000008
-16.999994
-17.024694
-10.647957
2.401513
2.947286
1.299396
0.124706
0.032259
0.123787
0.361362
0.233955
1.573432
0.624860
-8.441133
-16.645500
-17.000006
-17.000002
-17.000008
-17.000011
-17.000013
-17.000006
-16.937576
-6.462485
3.135794
3.026553
1.425171
0.096117
0.013078
0.220032
0.286668
-0.212081
2.559650
2.077138
-4.144865
-16.027126
-16.999990
-16.999992
-16.999994
-17.000000
-16.999996
-16.999990
-16.981308
-12.518647
-2.500628
-0.825187
0.056912
0.215727
0.043810
-0.040689
-0.653348
-0.952018
3.206336
3.745191
0.060274
-15.284580
-16.999992
-16.999996
-16.999998
-17.000000
-17.000002
-16.999992
-16.999983
-16.848909
-15.558045
-13.523195
-10.062916
-6.248720
-2.646464
-1.083563
-0.987132
-0.677469
3.575456
3.119608
-4.910600
-16.521568
-16.999996
-17.000000
-17.000006
-17.000002
-17.000008
-16.999996
-17.000000
-17.077711
-17.701540
-17.466255
-16.824192
-15.790929
-13.185731
-10.289412
-6.402827
-3.171024
1.642865
-4.810771
-13.358497
-16.997719
-16.999994
-16.999998
-17.000002
-17.000000
-17.000008
-16.999994
-16.999998
-17.003784
-17.237288
-17.752781
-17.936390
-17.728306
-17.318092
-16.289108
-15.146788
-14.129521
-11.711785
-14.450362
-16.305929
-16.979221
-17.000006
-17.000002
-17.000008
-17.000011
-17.000013
-17.000006
-17.000002
-17.000008
-17.001629
-17.107313
-17.567015
-17.973042
-18.077499
-17.568476
-17.135822
-17.402176
-14.861054
-16.035969
-16.772223
-16.995966
-16.999990
-16.999992
-16.999994
-17.000000
-16.999996
-16.999990
-16.999992
-16.999994
-16.999456
-16.995571
-17.036264
-17.374498
-17.502485
-17.188873
-17.690798
-18.098280
-16.177940
-16.794724
-16.996361
-17.000002
-16.999992
-16.999996
-16.999998
-17.000000
-17.000002
-16.999992
-16.920414
-16.322105
-15.723807
-15.517316
-15.994137
-16.479361
-16.994265
-17.693888
-17.953144
-17.999748
-16.881273
-16.997522
-17.000002
-17.000008
-16.999996
-16.999300
-16.991699
-16.999170
-16.996893
-16.717142
-13.996181
-12.013453
-12.772840
-13.156418
-13.790944
-14.300863
-14.884294
-15.606013
-15.336079
-16.308811
-16.999998
-17.000002
-17.000000
-17.000008
-16.999573
-16.857952
-16.445471
-16.612766
-16.819796
-15.630999
-10.728233
-12.017823
-13.044242
-13.609894
-13.981038
-14.053672
-14.403709
-13.665192
-8.024170
-6.005751
-17.000002
-17.000008
-17.000011
-16.999617
-16.878372
-16.288412
-16.006660
-16.071571
-16.773081
-16.239265
-11.316549
-12.012039
-13.483502
-13.975711
-14.050963
-14.488417
-14.055429
-9.315689
-4.365851
-4.000000
-16.999996
-16.999996
-17.000000
-16.929581
-16.343607
-16.010662
-16.000000
-16.017828
-16.648121
-16.906206
-13.550039
-11.331800
-13.283357
-14.013673
-14.415775
-14.323639
-9.684765
-4.674020
-4.000008
-4.000000
